669 392
678 397
683 397
684 397
684 397
687 397
696 397
700 397
706 397
715 390
718 380
720 371
722 358
724 348
720 346
712 343
704 343
682 341
682 341
673 341
669 341
659 345
654 353
647 361
645 366
643 370
642 380
642 389
642 397
656 410
659 412
669 416
682 416
697 416
714 411
731 401
746 384
754 365
777 326
791 306
805 295
818 294
838 298
852 309
865 327
880 354
890 364
908 373
929 376
962 375
964 372
978 361
989 350
996 339
1003 334
1006 326
1007 321
1007 314
1007 310
1007 304
1007 297
1003 291
999 288
998 287
997 287
993 287
991 287
988 287
988 287
986 287
985 292
981 303
936 327
912 315
888 303
844 319
774 349
731 358
667 344
617 342
580 346
507 347
446 342
429 328
415 325
378 352
334 360
309 340
298 291
307 273
317 269
329 270
338 276
351 293
378 333
414 364
513 383
551 375
628 303
632 234
607 224
573 228
555 238
544 254
541 265
541 290
541 312
546 333
623 381
670 378
718 302
709 272
698 273
679 287
668 300
665 313
678 356
755 389
799 382
807 343
807 316
797 291
776 285
759 290
748 303
745 315
745 346
755 369
787 378
837 375
886 351
901 319
895 300
874 288
854 286
842 292
835 319
844 357
878 378
919 372
957 337
971 297
962 289
942 287
919 301
908 329
908 357
923 378
939 378
962 357
968 332
956 278
905 248
864 250
799 281
719 386
697 509
757 583
909 598
1036 527
1103 437
1114 304
1038 232
993 218
975 214
951 214
896 214
845 227
797 277
747 347
715 379
674 392
654 379
657 349
658 348
659 347
673 345
708 344
724 345
730 357
730 377
727 389
714 389
701 383
699 366
709 351
713 347
714 346
714 346
714 346
714 346
714 346
714 346
