669 382
669 382
669 382
669 382
670 381
680 378
685 377
692 377
704 377
732 377
764 377
787 377
810 377
810 377
820 377
841 377
855 374
861 373
869 373
877 371
884 371
895 370
906 370
914 370
941 370
984 370
986 364
986 342
992 312
999 286
1001 271
1001 255
1001 252
1001 243
1001 236
1001 230
1001 223
1001 216
1001 207
1001 194
1001 182
1001 176
1001 172
1004 163
1009 148
1009 144
1009 144
992 146
972 146
953 149
943 152
936 153
923 156
914 156
904 156
894 156
876 156
865 157
856 157
846 157
833 157
827 157
819 157
809 157
797 157
793 157
793 157
793 175
793 205
793 227
791 245
791 248
790 264
790 282
790 292
793 304
814 304
830 304
854 299
879 298
898 296
916 291
921 285
929 263
934 235
934 227
934 222
935 219
937 217
942 214
956 212
971 208
990 205
1009 204
1013 202
1018 202
1018 202
1018 202
1020 217
1020 255
1020 288
1020 306
1019 323
1016 333
1013 340
1011 344
1008 352
1003 355
994 355
987 355
981 349
970 339
951 327
935 320
916 318
904 319
888 334
867 358
848 378
829 381
811 379
796 369
785 364
777 361
759 361
742 371
723 385
705 392
687 393
668 393
658 386
657 373
663 362
667 359
681 363
699 413
725 444
751 444
752 413
748 393
740 379
734 375
721 375
711 378
710 384
710 389
710 395
715 403
717 403
728 405
739 405
740 386
737 384
727 392
729 412
747 405
745 378
723 403
730 420
740 393
724 392
723 399
723 401
723 401
723 401
723 401
723 401
723 401
724 379
743 230
739 196
721 204
584 310
562 322
562 386
701 566
835 637
841 602
848 515
838 473
792 377
773 358
740 373
738 394
747 438
754 473
782 463
808 386
816 310
683 225
567 256
548 287
519 325
473 453
505 489
642 509
700 512
786 483
893 445
922 375
927 331
898 352
790 418
712 422
683 397
733 310
785 290
796 338
782 385
749 389
738 373
741 359
751 381
750 397
749 398
749 398
749 398
749 398
749 398
749 398
