615 386
615 386
615 386
615 387
615 387
615 388
615 388
615 388
615 389
620 390
621 389
625 384
632 373
638 360
639 359
639 359
639 358
634 358
629 362
623 367
598 387
596 388
596 388
596 388
595 389
596 386
611 362
627 331
630 313
630 313
630 313
626 315
610 328
587 346
569 359
554 366
552 366
551 366
572 335
592 310
598 296
597 296
554 325
511 341
510 342
515 334
537 298
551 271
551 272
530 300
509 321
505 325
506 315
526 285
545 234
545 231
528 247
486 290
482 296
495 254
503 217
493 213
471 238
466 252
466 252
485 205
486 187
471 208
463 231
463 231
483 198
489 192
477 208
449 238
430 263
428 265
414 274
398 285
385 292
373 300
355 312
340 322
330 324
326 324
326 324
326 324
325 323
367 271
380 258
412 222
444 194
469 162
484 134
493 121
497 117
500 142
516 176
528 204
543 228
556 256
564 282
570 304
570 333
570 360
570 389
571 401
571 401
573 362
589 314
609 274
630 247
645 224
665 208
677 189
677 189
706 225
738 245
786 270
855 306
920 333
992 347
1011 349
1013 351
1007 358
977 365
940 373
894 384
852 407
840 414
797 436
774 452
753 470
742 476
741 466
749 414
749 373
749 337
749 307
754 276
758 233
758 213
756 208
745 208
719 225
689 254
668 270
646 286
626 299
606 318
589 339
565 356
530 373
503 380
497 378
484 357
477 346
468 329
459 312
444 298
426 279
405 267
402 265
402 265
434 267
492 267
547 267
620 267
680 267
741 267
786 267
825 265
860 259
894 249
894 249
873 285
839 350
819 366
798 398
785 430
775 461
765 498
764 513
764 495
764 441
756 378
756 335
756 308
756 284
759 262
759 244
759 242
759 242
759 242
759 242
759 242
759 242
759 242
759 242
733 261
672 310
652 326
666 331
730 331
780 324
790 334
751 373
667 404
617 414
569 402
563 375
568 307
572 300
576 301
629 348
697 390
750 432
832 444
869 382
883 335
890 284
888 263
856 247
827 244
803 249
776 275
747 310
720 350
698 377
680 375
685 334
689 334
700 338
709 360
713 380
711 385
702 387
699 363
699 363
699 363
699 363
699 363
699 363
699 363
699 363
699 363
